[185.0,421.0][715.0,461.0]이런창이 또고 Pythonorg 사이트로 들어가져습니다 
[287.3447882227953,157.3585340901496][385.6092152634014,186.6414659098504]python 
[189.0,157.0][223.0,173.0]elem 
[189.0,175.0][223.0,191.0]elem 
[175.0,51.0][245.0,67.0]from selel 
[175.0,123.0][245.0,139.0]driver ge 
[189.0,141.0][237.0,155.0]assert 
[189.0,193.0][241.0,207.0]elem . 5e 
[175.0,105.0][223.0,119.0]driver 
[189.0,229.0][237.0,243.0]assert 
[189.0,247.0][237.0,261.0]drier 
[527.0,245.0][623.0,259.0]Functions Defined 
[331.0,353.0][385.0,367.0]8 13 21 3 
[455.0,123.0][477.0,135.0]03 
[405.0,215.0][475.0,227.0]Documentation 
[497.0,215.0][551.0,227.0]Community 
[279.0,215.0][311.0,227.0]About 
