[305.0,421.0][595.0,457.0]즉 우리가 코드로 작성한 것이 
[367.46153846153845,199.30769230769232][465.56965110461044,230.69230769230768]python 
[400.0,68.0][435.0,86.0]keys 
[439.0,68.0][523.0,86.0]import Keys 
[241.0,157.0][325.0,173.0]driver find 
[189.0,247.0][295.0,263.0]driverclosel) 
[227.0,211.0][323.0,227.0]send_keys(key 
[227.0,175.0][281.0,191.0]clearl 
[175.0,51.0][399.0,67.0]from selenium import webdriver 
[189.0,157.0][223.0,173.0]elem 
[247.0,141.0][295.0,157.0]Python 
[189.0,193.0][303.0,209.0]elem. send_keysl 
[649.0,288.0][721.0,303.0]Easy to Learn 
[189.0,211.0][223.0,225.0]eleml 
[189.0,141.0][237.0,155.0]assert 
[189.0,229.0][237.0,243.0]assert 
[247.0,229.0][325.0,243.0]Noresults 
[239.0,105.0][311.0,119.0]Webdriver 
[607.0,289.0][641.0,303.0]Quick 
[175.0,105.0][223.0,119.0]driver 
[576.0,256.0][629.0,269.0]Communlity 
[351.0,71.0][399.0,83.0]common 
