[368.46153846153845,199.30769230769232][465.56137420411306,230.69230769230768]python 
[439.0,68.0][523.0,86.0]import Keys 
[189.0,210.0][323.0,228.0]eleml. send_keys(Key 
[227.0,193.0][325.0,211.0]send_keys("py 
[400.0,68.0][435.0,86.0]keys 
[175.0,51.0][399.0,67.0]from selenium import webdriver 
[247.0,141.0][295.0,157.0]Python 
[189.0,157.0][223.0,173.0]elem 
[241.0,157.0][325.0,173.0]driver Find 
[189.0,247.0][295.0,263.0]driverclosel) 
[247.0,229.0][325.0,243.0]Noresults 
[686.0,288.0][721.0,302.0]'Learn 
[410.0,255.0][461.0,269.0]Downloads 
[175.0,105.0][223.0,119.0]driver 
[239.0,105.0][311.0,119.0]Webdriver 
[189.0,193.0][223.0,207.0]eleml 
[189.0,141.0][237.0,155.0]assert 
[189.0,229.0][237.0,243.0]assert 
[484.0,256.0][553.0,269.0]Documentatlon 
[351.0,71.0][399.0,83.0]common 
[573.0,307.0][609.0,319.0]Diversity 
[439.0,335.0][541.0,347.0]belnf divetse arl trlendly; 
