[503.28204184138224,322.1333087875939][564.9493195791217,351.8666912124061]:Usage: 
[501.0,240.0][710.0,267.0]strategy and locator Prefer 
[96.0,86.0][265.0,113.0]driver.get( "https: 
[502.0,262.0][660.0,288.0]the find_element_by 
[502.0,284.0][688.0,310.0]methods when possible. 
[178.0,176.0][430.0,200.0]driver finofind_element_by 
[502.0,158.0][674.0,182.0]find_element(by-By 
[3.0,73.0][23.0,97.0]{ 
[284.0,310.0][476.0,334.0]find_element_by_Xpa 
[284.0,288.0][430.0,312.0]find_element_by 
[502.0,220.0][708.0,244.0]Find an element given a By 
[114.0,244.0][430.0,268.0]elem. send_keys(Ke@ find_element_by 
[435.1055728090001,291.21114561800016][476.91947481401655,314.78885438199984]tag " 
[679.1055728090001,158.21114561800016][710.8443887636571,181.78885438199984]ID, 
[115.0,290.0][245.0,311.0]driver close() 
[59.0,267.0][83.0,287.0]13 
[285.0,357.0][475.0,377.0]find_elements_by_c1. 
[285.0,201.0][401.0,221.0]find_element 
[285.0,335.0][409.0,355.0]find_elements 
[407.0,203.0][457.0,223.0]by_id 
[59.0,289.0][83.0,309.0]14 
[97.0,1.0][283.0,21.0]from selenium import 
[97.0,23.0][311.0,43.0]from selenium webdriver 
[379.0,23.0][421.0,43.0]keys 
[115.0,157.0][257.0,177.0]assert "Python" 
[427.0,23.0][531.0,43.0]import Keys 
[271.0,69.0][347.0,89.0]Chrome() 
[161.0,111.0][265.0,131.0]driver.find 
[59.0,201.0][83.0,219.0]10 
[97.0,113.0][139.0,131.0]elem 
[541.0,365.0][609.0,383.0]element 
[97.0,69.0][157.0,87.0]driver 
[179.0,69.0][265.0,87.0]webdriver 
[115.0,203.0][227.0,221.0]elem. clear( ) 
[275.0,137.0][401.0,155.0]@find_element 
[505.0,139.0][537.0,157.0]def 
[505.0,183.0][609.0,201.0]value-None) 
[435.0,273.0][475.0,289.0]par . 
[435.0,249.0][475.0,265.0]name 
[435.0,159.0][475.0,175.0]cla . 
[115.0,181.0][157.0,197.0]elem 
[505.0,387.0][563.0,403.0]driver 
[569.0,387.0][711.0,403.0]find element(Rv 
[288.0,3.0][374.0,18.0]webdriver 
[317.0,27.0][375.0,41.0]common 
[381.0,95.0][403.0,107.0]CO 
