[98.0,188.0][302.0,214.0]elem. send_keys("조고딩 
[98.0,144.0][268.0,170.0]driver.get("https: 
[143.0,211.0][352.0,237.0]send_keys(Keys.RETURN) 
[493.17239411139764,78.1792670450748][536.9263926026666,103.8207329549252]Keys 
[224.0,278.0][368.0,302.0]find_element_by 
[118.0,390.0][404.0,414.0]driver.cloo find_elements_by_id 
[188.0,368.0][378.0,392.0]'Noofind_elements_by 
[440.0,344.0][606.0,368.0]Finds elements by css 
[164.0,300.0][414.0,324.0]clear @find_element_by_xpa . 
[320.0,79.0][490.0,103.0]common keys import 
[62.0,298.0][86.0,322.0]12 
[190.0,256.0][368.0,280.0]Pyofind_element_by 
[99.06850713433475,212.23016355523603][142.9347444467605,234.76983644476397]elem 
[63.0,279.0][85.0,299.0]11 
[63.0,323.0][85.0,343.0]13 
[63.0,345.0][85.0,365.0]14 
[99.0,79.0][315.0,99.0]from selenium webdriver 
[61.0,367.0][85.0,387.0]15 
[441.0,283.0][565.0,303.0]find_elements 
[181.0,123.0][269.0,143.0]webdriver 
[225.0,325.0][349.0,345.0]find_elements 
[275.0,125.0][349.0,145.0]Chrome() 
[61.0,257.0][87.0,277.0]10 
[98.0,235.0][205.0,255.0]driver.find 
[321.0,149.0][379.0,169.0]google 
[227.0,459.0][413.0,479.0]find_elements_by_pa . 
[61.0,391.0][87.0,409.0]16 
[443.0,369.0][507.0,387.0]selector 
[147.0,59.0][223.0,77.0]selenium 
[99.0,59.0][141.0,77.0]from 
[229.0,59.0][379.0,77.0]import webdriver 
[213.0,349.0][347.0,367.0]Ofind_elements 
[535.0,307.0][619.0,325.0]selector) 
[571.0,285.0][629.0,303.0]by_css 
[443.0,307.0][529.0,325.0]ector(css 
[101.0,125.0][159.0,143.0]driver 
[119.0,281.0][159.0,299.0]elem 
[119.0,327.0][159.0,343.0]elem 
[119.0,371.0][177.0,387.0]assert 
[119.0,261.0][177.0,277.0]assert 
[373.0,263.0][413.0,279.0]par . 
[443.0,263.0][475.0,279.0]def 
[383.0,373.0][413.0,389.0]cS . 
[99.0,171.0][141.0,187.0]elem 
[165.0,327.0][205.0,343.0]send 
[119.0,305.0][159.0,321.0]elem 
[165.0,349.0][205.0,365.0]send 
[119.0,349.0][159.0,365.0]elem 
[375.0,171.0][421.0,187.0]name( 
[385.0,151.0][407.0,165.0]CO 
[180.65465441200737,282.5201198532081][212.6924656801795,296.4798801467919]dri 
[632.6546544120074,286.5201198532081][666.6729222591595,300.4798801467919]sel 
[564.0,0.0][605.0,13.0]gnoglepy 
[445.0,467.0][519.0,479.0]colector 
[251.0,1.0][273.0,13.0]Help 
