[98.0,144.0][268.0,170.0]driverget("https: 
[98.0,188.0][302.0,214.0]elem. send_keys("조코딩 
[143.0,211.0][352.0,237.0]send_keys(Keys.RETURN) 
[95.0,254.0][362.0,280.0]print(driver.find_element_by 
[493.17239411139764,78.1792670450748][536.9263926026666,103.8207329549252]Keys 
[210.0,234.0][316.0,258.0]elements_by 
[320.0,234.0][498.0,258.0]css_selector("rg_i 
[428.0,300.0][476.0,324.0]("9") 
[320.0,79.0][490.0,103.0]common keys import 
[118.0,322.0][232.0,346.0]elem. clear() 
[118.0,279.0][252.0,303.0]assert "Python 
[60.0,342.0][86.0,366.0]14 
[500.0,256.0][718.0,280.0]n3VNCb" ) .get_attribute( 
[401.0,256.0][490.0,280.0]selector( 
[99.10557280900008,212.21114561800016][148.94946463705654,235.78885438199984]elem . 
[119.0,369.0][369.0,390.0]elem. send_keys(Keys.RETURN) 
[189.0,391.0][287.0,412.0]'No results 
[183.0,301.0][287.0,321.0]driver. find 
[61.0,367.0][85.0,387.0]15 
[61.0,389.0][85.0,409.0]16 
[165.0,347.0][259.0,367.0]send_keys( 
[117.0,391.0][177.0,411.0]assert 
[431.0,393.0][535.0,413.0]driver page 
[61.0,323.0][85.0,343.0]13 
[61.0,411.0][85.0,431.0]17 
[293.0,303.0][389.0,323.0]element_by 
[63.0,301.0][85.0,321.0]12 
[293.0,279.0][407.0,299.0]driver title 
[61.0,279.0][85.0,299.0]11 
[98.0,235.0][205.0,255.0]driver.find 
[275.0,125.0][349.0,145.0]Chrome() 
[181.0,123.0][269.0,143.0]webdriver 
[293.0,393.0][343.0,411.0]found 
[99.0,59.0][223.0,77.0]from selenium 
[229.0,59.0][379.0,77.0]import webdriver 
[265.0,351.0][315.0,369.0]pycon 
[365.0,391.0][425.0,409.0]not in 
[119.0,305.0][159.0,321.0]elem 
[119.0,415.0][177.0,431.0]driver 
[541.0,395.0][599.0,411.0]source 
[101.0,127.0][159.0,143.0]driver 
[99.0,171.0][141.0,187.0]elem 
[723.0,261.0][755.0,277.0]src 
[119.0,349.0][159.0,365.0]elem 
[265.0,283.0][287.0,299.0]in 
[393.0,307.0][433.0,321.0]name 
[365.0,263.0][397.0,277.0]Css 
[605.0,1.0][643.0,13.0]jondirg 
[251.0,1.0][273.0,13.0]Help 
