[306,422][590,454]그러면 이 이미지 주소 이거클 
[328,114][403,134]c(r))}re 
[578,219][623,238]raylr 
[309,99][403,117]'OnFalse) {r= 
[391,207][419,223]eng 
[595,161][647,177]{state 
[705,175][775,191](nresoty 
[67,189][149,205]time .sleep(3) 
[65,204][265,220]print(driver.find_element_by_css 
[269,205][349,221]selectomis) 
[727,131][769,147]disau 
[617,251][643,267]ti 
[385,87][409,103]le] 
[329,177][411,191]domelnres 
[195,219][273,233]driver title 
[139,265][217,279]keysl"pycon" 
[195,293][229,307]Found 
[509,177][569,191]reomise 
[195,175][297,189]by_Css_selector( 
[65,175][191,189]driver,find_elements 
[127,161][235,175]keys(KeysRETURN) 
[177,145][201,159]고팅 
[67,145][155,159]elen. send_keys 
[65,131][95,145]elem 
[121,101][235,115]Wcbdriver Chromc() 
[65,101][107,115]driver 
[635,87][667,101]Fle) 
[79,221][119,233]assert 
[127,221][169,233]Python' 
[79,235][107,247]elem 
[79,295][119,307]assert 
[98,162][122,170]Gno 
[582,150][604,158]' 
[66,118][104,126]driver 
[214,60][252,68]Common 
