[8.0,262.0][32.0,326.0]꿈 
[352.0,324.0][444.0,348.0]test.jpg") 
[8.0,342.0][32.0,366.0]15 
[44.0,324.0][338.0,348.0]ur11ib.request.urlretrievelimgUr1, 
[8.0,322.0][32.0,346.0]14 
[44.0,220.0][232.0,244.0]elem. send_keys("조고딩 
[411.06850713433477,76.23016355523603][451.9115580174439,98.76983644476397]Keys 
[45.0,243.0][279.0,263.0]elem. send_keys(Keys RETURN) 
[43.0,285.0][159.0,305.0]time sleep(3) 
[308.0,78.0][347.0,98.0]keys 
[121.0,389.0][399.0,409.0]driver.find_element_by_name("9") 
[129.0,369.0][185.0,389.0]Python 
[43.0,119.0][227.0,139.0]import ur11ib.request 
[9.0,367.0][31.0,387.0]16 
[44.0,263.0][219.0,283.0]driver find_elements 
[518.8905996075496,306.3358994113243][552.566995358179,324.6641005886757]'get 
[653.0,307.0][697.0,325.0]src") 
[557.0,307.0][647.0,325.0]attribute( 
[165.0,59.0][305.0,77.0]import webdriver 
[9.0,429.0][31.0,447.0]19 
[379.0,307.0][433.0,325.0]ector( 
[225.0,307.0][313.0,325.0]element_by 
[45.0,99.0][143.0,117.0]import time 
[225.0,265.0][365.0,283.0]by_css_selector( 
[9.0,243.0][31.0,261.0]10 
[105.0,203.0][297.0,221.0]driver find_element_by 
[121.0,161.0][261.0,179.0]webdriver.Chrome 
[45.0,161.0][99.0,179.0]driver 
[43.0,307.0][99.0,325.0]imgUr1 
[199.0,369.0][331.0,385.0]in driver title 
[45.0,79.0][245.0,95.0]from selenium. webdriver 
[353.0,79.0][407.0,95.0]import 
[61.0,391.0][101.0,407.0]elem 
[319.0,309.0][347.0,325.0]css 
[45.0,203.0][83.0,219.0]elem 
[301.0,205.0][347.0,221.0]name ( 
[445.0,307.0][501.0,323.0]n3VNCb 
[45.0,59.0][159.0,75.0]from selenium 
[251.0,81.0][305.0,95.0]common 
[61.0,433.0][143.0,447.0]elem . send 
[61.0,453.0][99.0,467.0]elem 
[350.6546544120074,308.5201198532081][380.6538530041391,322.4798801467919]sele 
