[164.0,214.0][188.0,298.0]품 
[164.0,172.0][188.0,216.0]표 
[200.0,128.0][408.0,154.0]elem . send_keys("조고딩" ) 
[200.0,90.0][358.0,114.0]driver.get("https: 
[542.0,276.0][632.0,300.0]test.jpg") 
[310.0,254.0][506.0,278.0]driver.find_element_by 
[233.0,234.0][350.0,258.0]time sleep(3) 
[337.06850713433477,338.23016355523606][376.9248993519728,360.76983644476394]+ind 
[517.0,174.0][715.0,195.0]selector(" rg_1.Q4Luld" 
[165.0,339.0][187.0,359.0]19 
[279.0,319.0][375.0,339.0]"Python" in 
[165.0,317.0][187.0,337.0]18 
[165.0,297.0][187.0,317.0]17 
[201.0,153.0][435.0,173.0]elem. send_keys(Keys RETURN) 
[235.0,279.0][527.0,299.0]ur11ib.request urlretrievelimgUr1, 
[276.0,173.0][375.0,193.0]driver.find 
[381.0,175.0][479.0,195.0]elements_by 
[287.0,196.0][373.0,216.0]in images: 
[201.0,196.0][281.0,215.0]for image 
[261.0,30.0][383.0,49.0]ur11ib. request 
[407.0,93.0][461.0,111.0]google 
[235.0,259.0][289.0,277.0]imgUr1 
[201.0,113.0][239.0,131.0]elem 
[201.0,31.0][255.0,49.0]import 
[543.0,259.0][623.0,277.0]selector( 
[261.0,9.0][299.0,27.0]time 
[201.0,177.0][255.0,195.0]images 
[277.0,71.0][433.0,89.0]webdriverChrome() 
[165.0,153.0][187.0,171.0]10 
[199.0,9.0][255.0,27.0]import 
[747.0,259.0][837.0,275.0]attribute( 
[261.0,113.0][357.0,129.0]driver find 
[189.0,449.0][221.0,465.0]조고딩 
[475.0,343.0][553.0,359.0]name( "q" ) 
[381.0,343.0][443.0,359.0]element 
[277.0,343.0][331.0,359.0]driver 
[635.0,259.0][699.0,275.0]n3VNCb" 
[199.0,343.0][257.0,359.0]# elem 
[381.0,321.0][487.0,337.0]driver title 
[201.0,73.0][255.0,89.0]driver 
[217.0,321.0][273.0,337.0]assert 
[363.0,115.0][495.0,131.0]element_by_name 
[509.0,261.0][537.0,275.0]css 
[483.0,179.0][513.0,193.0]css 
[259.0,363.0][315.0,377.0]rlearl 
[710.6546544120074,260.5201198532081][742.6356128386016,274.4798801467919]Bet 
[53.0,39.0][83.0,51.0]Scnpu 
[493.0,463.0][541.0,475.0]6671-4505 
