[96,16][120,58]1 
[96,100][120,142]18 
[318,328][378,352]~height 
[198,266][258,290]~height 
[458,245][728,269]compare With last scroll height 
[164,286][284,310]if new_height 
[586,60][743,81]body.scrollHeight" 
[605,143][769,163]body. scroliHeight); 
[167,143][419,163]driver execute_script("window 
[167,331][265,351]last_height 
[97,245][119,265]24 
[97,183][119,203]21 
[97,141][119,161]19 
[97,205][119,225]22 
[313,289][417,309]1ast_height: 
[613,269][769,289]body. scrollHeight" 
[167,185][333,205]# Wait to load page 
[97,287][119,307]26 
[97,349][119,369]29 
[97,59][121,79]15 
[97,79][119,99]16 
[211,369][307,389]driver find 
[313,371][411,391]elements_by 
[132,372][189,392]images 
[97,391][119,409]31 
[339,269][607,287]execute_script("return document 
[279,269][333,287]driver 
[451,373][649,391]selector(" rg_1.Q4Lukd" 
[97,267][119,285]25 
[185,41][299,59]scroll height 
[97,309][119,327]27 
[269,249][419,267]new scroll height 
[97,329][119,347]28 
[97,225][119,243]23 
[133,61][231,79]1ast_height 
[253,61][445,79]driver execute_script( 
[97,163][119,181]20 
[425,145][521,163]scroliTo(e, 
[97,0][121,17]12 
[131,0][239,17]SCROLL_PAUSE 
[425,249][453,265]and 
[185,249][265,265]Calculate 
[203,311][249,327]break 
[527,145][599,161]document 
[149,103][229,119]ile True: 
[151,41][179,57]Get 
[133,395][181,411]count 
[305,0][333,15]0.5 
[287,333][317,347]new 
[313,125][369,139]bottom 
[245,125][283,139]down 
[511,63][583,77]document 
[449,63][505,77]return 
[417,375][445,389]css 
[83,443][163,455][31536:35224:15 
