[96,18][120,60]1 
[295,420][603,456]그리고 다시로덩이 끝나고 나면 
[604,142][770,166]body. scrollHeight); 
[510,58][744,82]document body.scrollHeight" 
[166,204][420,228]time.sleep(SCROLL_PAUSE_TIME) 
[131,371][190,395]images 
[313,289][417,309]1ast_height: 
[613,269][769,289]bodyscrollHeight" 
[339,269][607,289]execute_script("return document 
[97,267][119,287]25 
[97,329][121,349]28 
[319,331][377,351]height 
[97,225][119,245]23 
[97,205][119,225]22 
[97,163][119,183]28 
[613,247][727,267]scrol1 height 
[97,349][119,369]29 
[97,121][119,141]18 
[271,371][411,391]find_elements_by 
[313,61][505,81]execute_script("return 
[417,373][649,393]css_selector(" rg_1.Q4Luld" 
[131,61][231,81]1ast_height 
[97,59][119,79]15 
[527,145][599,163]document 
[97,143][119,161]19 
[97,247][119,265]24 
[97,101][119,119]17 
[269,249][419,267]new scrol1 height 
[211,333][267,351]height 
[459,249][607,267]compare with last 
[97,309][119,327]27 
[97,289][119,307]26 
[97,0][121,17]12 
[131,0][283,17]SCROLL_PAUSE_TIME 
[245,125][369,141]down to bottom 
[133,395][179,411]count 
[279,271][333,287]driver 
[167,333][205,349]1ast 
[425,249][453,265]and 
[303,1][333,17]0.5 
[183,249][265,265]Calculate 
[167,291][189,307]if 
[99,373][121,389]30 
[185,125][239,141]Scrol1 
[211,373][265,389]driver 
[185,103][229,119]True: 
[253,63][307,79]driver 
[83,455][235,469][31536:35224.1092/191413.184:E 
[193,293][223,307]new 
[287,335][317,349]new 
[203,313][249,327]break 
[467,467][505,479]failrd; 
