[455.2025477771711,216.16585988749353][518.9692465320933,242.83414011250647]string, 
[375.0,162.0][422.0,187.0]'Args: 
[56.0,294.0][156.0,318.0]Iast_height 
[114.0,252.0][176.0,276.0]heigh @ 
[183.0,109.0][351.0,129.0]ind_element_by_par . 
[209.0,295.0][267.0,315.0]height 
[585.0,233.0][665.0,253.0]IHeight") 
[163.0,235.0][341.0,255.0]@find_elements_by_id 
[89.0,233.0][147.0,253.0]height 
[585.0,213.0][617.0,233.0]ght 
[181.0,213.0][317.0,233.0]ind_elements_by 
[183.0,193.0][315.0,213.0]ind_elements_by 
[23.0,27.0][121.0,47.0]1ast_height 
[183.0,131.0][307.0,151.0]ind_element_by 
[585.0,109.0][659.0,129.0]Height); 
[375.0,107.0][545.0,127.0]Finds an element by css 
[23.0,5.0][189.0,25.0]# Get scroll height 
[377.0,49.0][587.0,69.0]find_element_by_css_sele 
[143.0,27.0][307.0,47.0]drofind_element_by 
[589.0,27.0][633.0,47.0]ight" 
[135.0,89.0][307.0,109.0]dow @ find_element_by 
[175.0,47.0][333.0,67.0]find_element_by_id 
[101.0,173.0][289.0,191.0]sleep(Sofind_elements 
[75.0,89.0][129.0,107.0]Scroli 
[57.0,151.0][111.0,169.0]#Nait 
[455.0,71.0][535.0,89.0]selector) 
[377.0,71.0][449.0,89.0]ctor(css 
[175.0,69.0][351.0,87.0]find_element_by_1in. 
[529.0,199.0][561.0,217.0]CSs 
[183.0,257.0][289.0,273.0]ind_elements 
[377.0,31.0][407.0,47.0]def 
[57.0,255.0][79.0,271.0]if 
[387.0,243.0][475.0,259.0]a.nav#home 
[23.0,69.0][69.0,85.0]While 
[379.0,221.0][449.0,237.0]selector 
[75.0,69.0][119.0,85.0]True: 
[57.0,215.0][155.0,231.0]# Calculate 
[403.0,201.0][509.0,217.0]css_selector 
[57.0,173.0][95.0,189.0]time 
[57.0,237.0][87.0,251.0]new 
[523.0,223.0][551.0,237.0]ex: 
[83.0,257.0][115.0,271.0]new 
[313.0,31.0][349.0,45.0]CSS . 
[177.0,299.0][207.0,313.0]new 
[311.0,93.0][349.0,107.0]name 
