[84,128][204,153]if new_height 
[16,44][40,68]22 
[506,148][588,172])click() 
[221,87][340,111]scroli height 
[17,5][39,25]20 
[531,109][695,129]body.scroliHeight") 
[241,173][297,193]height 
[87,173][185,193]1ast_height 
[17,25][39,45]21 
[225,151][313,171]element_by 
[17,149][39,169]27 
[231,131][337,151]1ast_height: 
[17,129][39,149]26 
[17,191][39,211]29 
[17,87][39,107]24 
[173,27][253,47]load page 
[17,67][39,87]23 
[86,109][177,129]new_height 
[17,109][39,129]25 
[259,109][451,129]execute_script("return 
[121,151][219,169]driver find 
[17,171][39,189]28 
[353,153][433,171]selector( 
[445,153][501,171]mye4qd 
[87,91][185,107]# Calculate 
[345,91][373,107]and 
[199,111][253,127]driver 
[57,252][153,267]+1nd_elenent_by_css 
[445,287][509,301]Hne 633, In 
[465,309][489,323]321 , 
[319,155][347,169]css 
[207,175][237,189]new 
[455,113][527,127]document 
[100,412][137,426]0060 
[11,265][37,277]Fle 
[11,309][37,321]Fle 
[11,365][55,377](Sesslcn 
[147,365][193,377]4183.121) 
[22,300][54,308]return 
[4,356][44,364]sellenilun 
[346,356][382,364]elenenit 
[406,356][468,364]Interart anle 
