[22.0,210.0][198.0,235.0]for image in images: 
[502.0,2.0][652.0,26.0]body.scrollHeight 
[54.0,126.0][156.0,150.0]Iast_height 
[91.02871413764274,45.25168544775693][128.9170727125581,66.74831455224307]try: 
[22.0,171.0][77.0,192.0]images 
[537.0,274.0][702.0,295.0]get_attribute("src" 
[56.0,274.0][113.0,294.0]imgUr1 
[209.0,129.0][267.0,149.0]height 
[57.0,253.0][171.0,273.0]time sleep(3) 
[449.0,65.0][591.0,85.0]mye4qd" ) . c1ick() 
[229.0,67.0][351.0,87.0]element_by_css 
[134.0,273.0][453.0,293.0]driver find_element_by_css_selector(" 
[115.0,25.0][171.0,45.0]height 
[481.0,295.0][529.0,315.0]jpg") 
[203.0,171.0][301.0,189.0]elements_by 
[459.0,275.0][531.0,293.0]n3VNCb" ) 
[357.0,297.0][445.0,315.0]str(count) 
[477.0,171.0][533.0,189.0]Q4Lukd' 
[23.0,359.0][145.0,377.0]driverclosel) 
[339.0,171.0][427.0,189.0]selectpr(" 
[57.0,5.0][147.0,23.0]new_height 
[203.0,27.0][307.0,45.0]1ast_height: 
[91.0,89.0][153.0,107.0]except: 
[229.0,5.0][421.0,23.0]execute_script("return 
[357.0,67.0][437.0,85.0]selector( 
[99.0,171.0][197.0,189.0]driver.find 
[127.0,111.0][173.0,127.0]break 
[23.0,193.0][69.0,209.0]count 
[125.0,67.0][223.0,83.0]driver find 
[169.0,5.0][223.0,21.0]driver 
[57.0,27.0][79.0,43.0]if 
[57.0,317.0][103.0,333.0]count 
[127.0,317.0][173.0,333.0]count 
[83.0,29.0][113.0,43.0]new 
[425.0,7.0][497.0,21.0]document 
[177.0,133.0][207.0,147.0]new 
[305.0,175.0][335.0,187.0]Css 
[0.0,434.0][24.0,442.0]Fturn 
