[89.0,222.0][206.0,247.0]image.click() 
[133.0,181.0][198.0,205.0]images : 
[36.0,430.0][118.0,454.0]1682/218936.585: 
[516.0,284.0][556.0,308.0]jpg" 
[90.0,284.0][386.0,308.0]ur1lib.request.urlretrievelimgUr1, 
[448.0,34.0][592.0,58.0]mye4qd") .click() 
[56.98595974687321,202.27613156968445][88.9034172355211,222.72386843031555]try 
[89.0,265.0][147.0,285.0]imgUr1 
[399.0,265.0][487.0,285.0]selector(" 
[209.0,99.0][267.0,119.0]height 
[56.0,328.0][119.0,348.0]except: 
[23.0,183.0][103.0,203.0]for image 
[229.0,37.0][437.0,57.0]element_by_css_selector( 
[493.0,265.0][745.0,285.0]n3VNCb")get_attribute("src") 
[169.0,265.0][361.0,285.0]driver find_element_by 
[57.0,99.0][155.0,119.0]1ast_height 
[181.0,447.0][215.0,465.0]조고딩 
[23.0,143.0][79.0,161.0]images 
[99.0,141.0][197.0,159.0]driver.find 
[90.0,308.0][139.0,326.0]count 
[391.0,287.0][479.0,305.0]str(count) 
[83.0,0.0][173.0,17.0]new_height 
[203.0,0.0][307.0,17.0]Last_height: 
[91.0,19.0][127.0,35.0]try: 
[91.0,245.0][129.0,261.0]time 
[125.0,39.0][223.0,55.0]driver find 
[91.0,61.0][153.0,77.0]except: 
[161.0,309.0][207.0,325.0]count 
[23.0,163.0][69.0,179.0]count 
[91.0,351.0][129.0,367.0]pass 
[127.0,81.0][173.0,95.0]break 
[177.0,103.0][207.0,117.0]new 
[365.0,269.0][395.0,283.0]Css 
