[704,278][744,302]뼈닐 
[596,278][636,302]개인 
[732,258][804,282]도용하여 
[670,258][726,282]신원올 
[766,320][822,344]입력하 
[597,341][635,361]거나 
[599,259][635,279]통해 
[643,321][697,341]못하는 
[705,321][759,341]코드들 
[597,301][639,321]니다  
[321,184][409,203]poth bootstr 
[649,367][761,385]finished loading: 
[739,72][831,90]Eager evaluation 
[598,148][667,165]Expression 
[598,96][715,113]Selected context only 
[741,123][851,139]Evaluate triggers use 
[741,97][847,113]Autocomplete from 
[61,239][105,255]<body) 
[741,47][851,63]Log XMLHttpRequest 
[59,79][143,95]himllong= to 
[95,275][195,291]Optional Javos 
[601,73][667,89]Preserve log 
[85,255][129,271]JHello 
[623,383][659,397]<URL > 
[517,51][571,65]mnessages 
[133,257][175,271]worldl 
[623,213][685,227]available 
[599,195][667,209]Expression 
[623,167][685,181]available 
[67,97][105,111]heod) 
[765,369][795,383]POST 
[503,143][541,155]10 into 
