[271,419][627,455]그냥 안전하게 반복하는 모든 코드에 
[132,170][300,195]for image in images 
[234,24][702,48]driver.find_element_by_css_selector(".mye4qd" ) .click() 
[166,190][282,214]image.c1ick() 
[318,86][378,110]~height 
[449,130][649,151]selector("rg_1.Q4Luld" 
[132,131][189,152]images 
[271,131][411,151]find_elements_by 
[133,317][255,337]driver close() 
[591,255][641,275]Jpg" ) 
[97,253][119,273]35 
[245,233][563,253]driverfind_element_by_css_selector(" 
[167,213][283,233]time  sleep(3) 
[97,149][121,169]30 
[97,5][119,25]23 
[210,129][265,149]driver 
[97,25][119,45]24 
[97,45][119,65]25 
[97,67][119,87]26 
[167,89][265,109]last_height 
[97,233][119,251]34 
[97,295][119,313]37 
[203,49][263,67]except: 
[681,235][821,253]attribute("src") 
[167,235][223,253]imgUr1 
[569,235][649,253]n3VNCb") . 
[97,89][119,107]27 
[97,213][119,231]33 
[97,129][121,147]29 
[97,193][119,211]32 
[97,171][119,189]31 
[99,319][121,335]38 
[133,153][179,169]count 
[237,277][283,293]count 
[169,277][213,293]count 
[99,277][121,293]36 
[203,9][237,25]try: 
[235,71][283,87]break 
[417,135][445,149]css 
[287,93][319,107]new 
[91,431][117,445]Fle 
[91,455][117,467]Fle 
[166,446][202,454]'Parent 
