[247.0,420.0][343.0,458.0]'except' 
[199.0,208.0][316.0,235.0]image.c1ick() 
[234.0,24.0][702.0,48.0]driver.find_element_by_css_selector(".mye4qd") . click() 
[626.0,274.0][668.0,298.0]jpg" 
[600.0,252.0][848.0,276.0]n3VNCb").get_attribute("src" 
[278.0,252.0][472.0,276.0]driverfind_element_by 
[218.0,171.0][308.0,195.0]in images: 
[132.0,131.0][189.0,152.0]images 
[133.0,172.0][213.0,193.0]for image 
[97.0,149.0][121.0,169.0]30 
[166.0,318.0][229.0,338.0]except: 
[201.0,276.0][325.0,296.0]ur11ib.request 
[509.0,255.0][591.0,275.0]selector( 
[199.0,255.0][257.0,275.0]imgUr1 
[97.0,253.0][119.0,273.0]35 
[201.0,233.0][315.0,253.0]time sleep(3) 
[97.0,5.0][119.0,25.0]23 
[417.0,131.0][649.0,151.0]css_selector("rg_1.Q4Luld" 
[97.0,87.0][119.0,107.0]27 
[97.0,25.0][121.0,45.0]24 
[271.0,131.0][413.0,151.0]find_elements_by 
[97.0,45.0][119.0,65.0]25 
[319.0,89.0][377.0,109.0]height 
[133.0,381.0][255.0,399.0]driver closel) 
[97.0,357.0][121.0,375.0]40 
[97.0,337.0][119.0,355.0]39 
[97.0,317.0][119.0,335.0]38 
[97.0,295.0][119.0,313.0]37 
[203.0,49.0][263.0,67.0]except: 
[501.0,277.0][589.0,295.0]str(count) 
[331.0,277.0][495.0,295.0]urlretrieve(imgUr1 , 
[97.0,67.0][119.0,85.0]26 
[97.0,275.0][119.0,293.0]36 
[97.0,213.0][119.0,231.0]33 
[97.0,171.0][119.0,189.0]31 
[167.0,91.0][267.0,109.0]last_height 
[97.0,129.0][121.0,147.0]29 
[97.0,233.0][119.0,251.0]34 
[97.0,193.0][119.0,211.0]32 
[237.0,71.0][283.0,87.0]break 
[211.0,133.0][265.0,149.0]driver 
[167.0,195.0][203.0,211.0]try: 
[203.0,9.0][237.0,25.0]try: 
[133.0,153.0][179.0,169.0]count 
[271.0,297.0][317.0,313.0]count 
[203.0,299.0][249.0,313.0]count 
[287.0,93.0][319.0,107.0]new 
[475.0,259.0][505.0,273.0]Css 
[137.0,443.0][183.0,455.0]self ._par 
[91.0,455.0][117.0,467.0]Fle 
[100.10557280900008,467.55278640450007][123.88583153528016,473.44721359549993]I- 
