[32,394][190,420]조코딩(JoCoding)의 
[472,116][534,142]경고 ! 
[738,222][812,246]붙어넣지 
[570,202][648,226]있습니다 . 
[640,222][732,246]입력하거나 
[792,182][830,206]정보 
[668,182][786,206]도용하여 개인 
[640,160][833,184]공격자가 Self-XSS라는 
[578,222][634,246]코드들 
[499,203][537,223]뼈닐 
[517,225][571,245]못하는 
[473,245][531,265]마세요 
[31,449][101,467]관련 이미지 
[683,311][755,327]imgn3VMCU , 
[759,311][833,327]imgn3VMCU ] 
[61,117][105,133]<bod> 
[63,363][109,377]티스토리 
[377,21][417,35]1 info 
[473,29][541,43]Exnressron 
[133,135][175,149]worldl 
[73,101][113,115]neod) 
[499,91][561,105]available 
[473,73][541,87]Expression 
[385,43][431,57]verbose 
[363,463][409,477]Console 
[639,273][669,285]POSI 
[473,93][495,105]not 
[499,47][561,59]available 
