[449,39][493,53]share E 
[449,199][519,213]strlselfage) 
[717,39][751,53]Batalk 
[191,83][259,97]class Person: 
[321,307][369,321]13305.11) 
[159,307][193,321]Python 
[331,97][361,111]age) : 
[267,123][289,137]aye 
[305,147][349,161]to_namc) 
[221,225][299,239]PolicelPerspn) 
[381,199][427,213]그리고 나= 
[201,186][307,199]detIntroducelel): 
[611,39][649,51]mreps 
[233,97][257,109]Init 
[159,319][183,331][GCC 
[193,319][261,331]8.2] on lir 
[291,331][339,343]29 살이마 
[300,98][322,106]nane 
[234,332][262,340]그리고 
