[509.0,155.0][621.0,171.0]add tonal attributes e8 
[210.0,7.0][255.0,22.0]'enistablel 
[199.0,172.0][257.0,187.0]Bing accepts 
[99.0,379.0][155.0,393.0]subscnibing 
[583.0,321.0][619.0,335.0]for this 
[4.0,232.0][39.0,246.0]Logp na 
[303.0,157.0][343.0,171.0]Whlchls 
[215.3598156003355,218.23177872040262][242.97780241407742,231.76822127959738]Whcn 
[415.0,141.0][475.0,153.0]Uhe argument 
[431.0,173.0][561.0,185.0]blis results nen thitlocation 
[405.0,423.0][485.0,435.0]non-Okresponse 
[199.0,423.0][251.0,435.0]Iaservice 
[3.0,379.0][37.0,391.0]Ulocher 
[345.0,353.0][391.0,365.0]and thete 
[215.0,353.0][245.0,365.0]Wnen 
[243.0,237.0][301.0,249.0]Uhe methods 
[341.0,141.0][413.0,153.0]mnethodsrequlre 
[5.0,197.0][27.0,209.0]Data 
[241.0,189.0][381.0,201.0]methods my returnthree types 
[286.0,254.0][322.0,262.0]Lotatio7 
[216.0,308.0][300.0,316.0]Or Canbc 3cccsscu 
[246.0,254.0][282.0,262.0]Lo cation 
[226.0,88.0][258.0,96.0]509 3032 
[314.0,68.0][346.0,76.0]Ucruin 
[360.0,222.0][392.0,230.0]rEturns 
[342.0,78.0][378.0,86.0]location 
[284.0,394.0][310.0,402.0]1.] 
[400.0,308.0][476.0,316.0]locatiun latitudc 
